%YAML:1.0

#camera calibration 
model_type: PINHOLE
camera_name: camera
image_width: 424 #640
image_height: 240 #480
distortion_parameters:
    k1: 0.
    k2: 0.
    p1: 0.
    p2: 0.
projection_parameters: 
    #  615.426, 625.456, 318.837, 240.594
    fx: 309.235 # 617.306
    fy: 309.381 # 617.714
    cx: 213.547 # 326.245
    cy: 118.772 # 239.974